['a', 'b', 'a', 'b', 'a', 'b', 'a', 'c', 'b', 'd', 'a', 'd', 'c', 'b', 'a', 'b', 'a', 'b', 'c', 'c']
['a', 'a', 'a', 'a', 'a', 'a', 'c', 'b', 'd', 'b', 'c', 'b', 'b', 'b', 'd', 'b', 'd', 'c', 'c', 'c']
['a', 'b', 'a', 'b', 'a', 'b', 'c', 'd', 'a', 'b', 'd', 'b', 'd', 'c', 'd', 'b', 'b', 'b', 'd', 'd', 'c', 'd', 'd', 'd', 'b', 'd', 'a', 'c', 'c', 'a', 'd']
['a', 'a', 'a', 'a', 'a', 'c', 'a', 'c', 'b', 'c', 'a', 'b', 'a', 'd', 'd', 'c', 'a', 'a', 'c', 'd', 'c', 'b', 'a', 'a', 'a', 'c', 'a', 'b', 'b', 'a', 'b']
step,epoch,mean_loss,good_scores,bad_scores,diff
0,0,38.815804,-56.142433166503906,-56.148338317871094,0.0059051513671875
1,0,33.253136,-56.14084243774414,-56.148868560791016,0.008026123046875
2,0,31.870235,-56.13946533203125,-56.14939880371094,0.0099334716796875
3,0,31.856615,-56.13759231567383,-56.14994430541992,0.01235198974609375
4,0,27.667807,-56.13616943359375,-56.15041732788086,0.014247894287109375
5,0,38.821907,-56.134220123291016,-56.15091323852539,0.016693115234375
6,0,31.833025,-56.13212585449219,-56.151458740234375,0.0193328857421875
7,0,33.235962,-56.12982177734375,-56.152095794677734,0.022274017333984375
8,0,40.23458,-56.127506256103516,-56.15266418457031,0.025157928466796875
9,0,30.492756,-56.125335693359375,-56.15319061279297,0.02785491943359375
10,0,35.9986,-56.123287200927734,-56.15371322631836,0.030426025390625
11,0,29.061386,-56.12129211425781,-56.154273986816406,0.03298187255859375
12,0,40.156677,-56.11933898925781,-56.15480041503906,0.03546142578125
13,0,31.899525,-56.11723709106445,-56.15534973144531,0.038112640380859375
14,0,33.241917,-56.11504364013672,-56.15590286254883,0.040859222412109375
15,0,40.193954,-56.112850189208984,-56.15645980834961,0.043609619140625
16,0,30.503773,-56.11061477661133,-56.15699005126953,0.046375274658203125
17,0,35.982693,-56.10850524902344,-56.1574592590332,0.048954010009765625
18,0,33.26421,-56.106353759765625,-56.157981872558594,0.05162811279296875
19,0,37.388004,-56.10419464111328,-56.15849304199219,0.05429840087890625
20,0,29.091444,-56.102046966552734,-56.159000396728516,0.05695343017578125
21,0,29.099047,-56.09992980957031,-56.15947723388672,0.05954742431640625
22,0,40.14521,-56.09775924682617,-56.15992736816406,0.062168121337890625
23,0,30.485926,-56.09553527832031,-56.160423278808594,0.06488800048828125
24,0,38.73781,-56.093360900878906,-56.160953521728516,0.06759262084960938
25,0,40.1699,-56.09128189086914,-56.16143035888672,0.07014846801757812
26,0,35.91661,-56.08924102783203,-56.161930084228516,0.07268905639648438
27,0,27.685572,-56.08713150024414,-56.16244125366211,0.07530975341796875
28,0,37.441135,-56.085018157958984,-56.162960052490234,0.07794189453125
29,0,29.17254,-56.08283233642578,-56.163429260253906,0.080596923828125
30,0,36.08412,-56.08058166503906,-56.16390609741211,0.08332443237304688
31,0,40.162174,-56.07829666137695,-56.164424896240234,0.08612823486328125
32,0,37.38926,-56.075931549072266,-56.164955139160156,0.08902359008789062
33,0,34.648594,-56.07353973388672,-56.165470123291016,0.09193038940429688
34,0,34.64912,-56.07111358642578,-56.16597366333008,0.09486007690429688
35,0,31.931839,-56.0685920715332,-56.166446685791016,0.0978546142578125
36,0,31.872854,-56.06608200073242,-56.16688537597656,0.10080337524414062
37,0,29.124983,-56.063629150390625,-56.16732406616211,0.10369491577148438
38,0,38.714333,-56.061187744140625,-56.1678466796875,0.106658935546875
39,0,34.66112,-56.05877685546875,-56.168357849121094,0.10958099365234375
40,0,38.736454,-56.0562858581543,-56.16887664794922,0.11259078979492188
41,0,33.175236,-56.05390548706055,-56.16938400268555,0.115478515625
42,0,34.57915,-56.05150604248047,-56.16991424560547,0.118408203125
43,0,37.412224,-56.04900360107422,-56.17042541503906,0.12142181396484375
44,0,31.786343,-56.04658889770508,-56.17097091674805,0.12438201904296875
45,0,30.445051,-56.04411315917969,-56.171539306640625,0.1274261474609375
46,0,40.15162,-56.041595458984375,-56.17212677001953,0.13053131103515625
47,0,38.72845,-56.03904724121094,-56.172725677490234,0.13367843627929688
48,0,34.605103,-56.0365104675293,-56.17338943481445,0.13687896728515625
49,0,30.415564,-56.034061431884766,-56.17402267456055,0.13996124267578125
50,0,40.1495,-56.031497955322266,-56.174659729003906,0.14316177368164062
51,0,40.15209,-56.02884292602539,-56.1753044128418,0.14646148681640625
52,0,30.47786,-56.02617263793945,-56.17593002319336,0.14975738525390625
53,0,40.099678,-56.02360916137695,-56.17655944824219,0.15295028686523438
54,0,29.045628,-56.02113723754883,-56.17716979980469,0.15603256225585938
55,0,40.117138,-56.01874542236328,-56.177772521972656,0.159027099609375
56,0,37.36386,-56.016292572021484,-56.17837142944336,0.162078857421875
57,0,38.735306,-56.013816833496094,-56.1789665222168,0.16514968872070312
58,0,35.9517,-56.011322021484375,-56.17955017089844,0.1682281494140625
59,0,28.973206,-56.00894546508789,-56.1801872253418,0.17124176025390625
60,0,34.52588,-56.00666427612305,-56.18082809448242,0.174163818359375
61,0,33.174213,-56.00441360473633,-56.18147659301758,0.17706298828125
62,0,30.405542,-56.002254486083984,-56.18210220336914,0.17984771728515625
63,0,27.659927,-56.000083923339844,-56.182743072509766,0.18265914916992188
64,0,29.041124,-55.997928619384766,-56.18336486816406,0.18543624877929688
65,0,31.784405,-55.99571990966797,-56.18399429321289,0.18827438354492188
66,0,31.79657,-55.993568420410156,-56.184635162353516,0.19106674194335938
67,0,31.799126,-55.99140548706055,-56.18532943725586,0.1939239501953125
68,0,34.55809,-55.98922348022461,-56.186031341552734,0.196807861328125
69,0,34.564476,-55.98704528808594,-56.18674087524414,0.19969558715820312
70,0,38.69941,-55.984825134277344,-56.187461853027344,0.20263671875
71,0,35.940327,-55.98263931274414,-56.18817901611328,0.20553970336914062
72,0,37.25236,-55.98057174682617,-56.18889236450195,0.20832061767578125
73,0,34.57141,-55.97846603393555,-56.18962097167969,0.21115493774414062
74,0,37.287937,-55.97641372680664,-56.19036865234375,0.21395492553710938
75,0,28.99402,-55.974388122558594,-56.19111251831055,0.21672439575195312
76,0,31.815388,-55.97232437133789,-56.191837310791016,0.219512939453125
77,0,31.786312,-55.97021484375,-56.192562103271484,0.22234725952148438
78,0,40.019535,-55.968109130859375,-56.19334030151367,0.22523117065429688
79,0,40.082993,-55.96596145629883,-56.194122314453125,0.22816085815429688
80,0,35.871113,-55.963844299316406,-56.19492721557617,0.23108291625976562
81,0,35.897118,-55.96167755126953,-56.19573974609375,0.23406219482421875
82,0,34.540413,-55.95954895019531,-56.196529388427734,0.23698043823242188
83,0,38.73497,-55.95737838745117,-56.197288513183594,0.23991012573242188
84,0,37.2875,-55.95522689819336,-56.198081970214844,0.24285507202148438
85,0,29.111128,-55.9529914855957,-56.19884490966797,0.24585342407226562
86,0,35.929672,-55.95079040527344,-56.19960021972656,0.248809814453125
87,0,29.0191,-55.94866943359375,-56.20033264160156,0.2516632080078125
88,0,28.964134,-55.94657897949219,-56.20109558105469,0.2545166015625
89,0,35.88701,-55.94449996948242,-56.20182418823242,0.25732421875
90,0,29.013378,-55.94242477416992,-56.20260238647461,0.2601776123046875
91,0,37.322544,-55.940181732177734,-56.203372955322266,0.26319122314453125
92,0,35.871506,-55.93798065185547,-56.20412826538086,0.2661476135253906
93,0,37.302155,-55.93575668334961,-56.20491027832031,0.2691535949707031
94,0,38.655056,-55.933563232421875,-56.205684661865234,0.2721214294433594
95,0,27.553553,-55.93145751953125,-56.206459045410156,0.27500152587890625
96,0,28.96569,-55.92949295043945,-56.207210540771484,0.27771759033203125
97,0,28.949066,-55.92762756347656,-56.20793914794922,0.28031158447265625
98,0,27.578884,-55.925846099853516,-56.20867919921875,0.2828330993652344
99,0,34.493896,-55.92401123046875,-56.20941925048828,0.28540802001953125
100,0,31.789677,-55.92209243774414,-56.21016311645508,0.2880706787109375
101,0,29.017662,-55.920135498046875,-56.210933685302734,0.2907981872558594
102,0,35.91097,-55.91817855834961,-56.211727142333984,0.293548583984375
103,0,34.460865,-55.91624069213867,-56.212554931640625,0.2963142395019531
104,0,37.23874,-55.91429138183594,-56.21342086791992,0.2991294860839844
105,0,34.525673,-55.912322998046875,-56.21428680419922,0.30196380615234375
106,0,27.53695,-55.910423278808594,-56.215126037597656,0.3047027587890625
107,0,35.889053,-55.90848159790039,-56.21595764160156,0.3074760437011719
108,0,38.592545,-55.90656661987305,-56.21677780151367,0.310211181640625
109,0,35.802544,-55.9046745300293,-56.217647552490234,0.3129730224609375
110,0,38.60813,-55.902801513671875,-56.21857833862305,0.3157768249511719
111,0,34.538597,-55.90092849731445,-56.21952819824219,0.3185997009277344
112,0,29.001299,-55.89905548095703,-56.220436096191406,0.321380615234375
113,0,29.085257,-55.89704895019531,-56.2213020324707,0.3242530822753906
114,0,34.500675,-55.89496994018555,-56.2221794128418,0.32720947265625
115,0,34.47352,-55.8928108215332,-56.223087310791016,0.3302764892578125
116,0,28.981165,-55.89070129394531,-56.22397994995117,0.3332786560058594
117,0,34.412506,-55.88860321044922,-56.22489929199219,0.33629608154296875
118,0,30.358654,-55.88648223876953,-56.225826263427734,0.3393440246582031
119,0,28.955074,-55.88438034057617,-56.22675323486328,0.3423728942871094
120,0,35.95849,-55.882293701171875,-56.227622985839844,0.34532928466796875
121,0,30.339596,-55.8802490234375,-56.22845458984375,0.34820556640625
122,0,39.93931,-55.878204345703125,-56.22931671142578,0.35111236572265625
123,0,38.57469,-55.8760871887207,-56.230201721191406,0.3541145324707031
124,0,40.08162,-55.8739013671875,-56.23109817504883,0.3571968078613281
125,0,27.655272,-55.8718147277832,-56.23196029663086,0.36014556884765625
126,0,30.299051,-55.8697509765625,-56.23283767700195,0.3630867004394531
127,0,27.527882,-55.867835998535156,-56.233707427978516,0.3658714294433594
128,0,31.756657,-55.865997314453125,-56.23456573486328,0.36856842041015625
129,0,34.422783,-55.86419677734375,-56.235450744628906,0.37125396728515625
130,0,40.12675,-55.862266540527344,-56.23628234863281,0.37401580810546875
131,0,27.554043,-55.8604850769043,-56.23713302612305,0.37664794921875
132,0,33.04995,-55.85866165161133,-56.23797607421875,0.3793144226074219
133,0,31.789062,-55.85671615600586,-56.23881149291992,0.3820953369140625
134,0,38.505295,-55.854801177978516,-56.239688873291016,0.3848876953125
135,0,38.58619,-55.8527717590332,-56.2405891418457,0.3878173828125
136,0,39.905098,-55.850765228271484,-56.24154281616211,0.390777587890625
137,0,28.97297,-55.84872055053711,-56.242496490478516,0.39377593994140625
138,0,33.077393,-55.84669494628906,-56.243507385253906,0.39681243896484375
139,0,34.429787,-55.844703674316406,-56.24451446533203,0.399810791015625
140,0,33.01313,-55.842796325683594,-56.24553298950195,0.4027366638183594
141,0,39.863426,-55.84088897705078,-56.24660110473633,0.4057121276855469
142,0,31.741005,-55.83896255493164,-56.247676849365234,0.40871429443359375
143,0,38.51816,-55.83708953857422,-56.24869155883789,0.4116020202636719
144,0,33.121212,-55.835105895996094,-56.24970245361328,0.4145965576171875
145,0,28.957981,-55.833187103271484,-56.25067138671875,0.4174842834472656
146,0,31.700241,-55.831302642822266,-56.251670837402344,0.4203681945800781
147,0,30.282757,-55.8294677734375,-56.25267028808594,0.4232025146484375
148,0,31.724606,-55.827674865722656,-56.25364685058594,0.42597198486328125
149,0,37.227715,-55.82585144042969,-56.254600524902344,0.42874908447265625
150,0,34.360764,-55.82407760620117,-56.25559616088867,0.4315185546875
151,0,34.46784,-55.822265625,-56.256568908691406,0.43430328369140625
152,0,28.935886,-55.8204345703125,-56.257530212402344,0.43709564208984375
153,0,38.49563,-55.818660736083984,-56.25853729248047,0.4398765563964844
154,0,40.071217,-55.81671905517578,-56.259490966796875,0.44277191162109375
155,0,31.602524,-55.81475830078125,-56.26048278808594,0.4457244873046875
156,0,37.297615,-55.8127326965332,-56.261470794677734,0.44873809814453125
157,0,27.518898,-55.810760498046875,-56.26245880126953,0.45169830322265625
158,0,31.641596,-55.808929443359375,-56.26347351074219,0.4545440673828125
159,0,33.15136,-55.80693435668945,-56.26445388793945,0.45751953125
160,0,35.775402,-55.80488967895508,-56.265472412109375,0.4605827331542969
161,0,28.8375,-55.80286407470703,-56.266517639160156,0.463653564453125
162,0,30.221668,-55.80093765258789,-56.26755905151367,0.46662139892578125
163,0,39.938396,-55.79891586303711,-56.268646240234375,0.4697303771972656
164,0,35.78597,-55.796932220458984,-56.26972961425781,0.4727973937988281
165,0,39.93332,-55.794898986816406,-56.27082443237305,0.4759254455566406
166,0,35.80251,-55.79298782348633,-56.271907806396484,0.47891998291015625
167,0,28.849699,-55.79106903076172,-56.27299499511719,0.48192596435546875
168,0,31.617325,-55.78921127319336,-56.27408981323242,0.4848785400390625
169,0,30.241184,-55.78742599487305,-56.275169372558594,0.4877433776855469
170,0,28.77938,-55.78568649291992,-56.27626419067383,0.49057769775390625
171,0,38.559193,-55.78389358520508,-56.277381896972656,0.4934883117675781
172,0,33.112976,-55.78208923339844,-56.278438568115234,0.4963493347167969
173,0,33.061665,-55.78022384643555,-56.27949905395508,0.49927520751953125
174,0,35.813873,-55.77825927734375,-56.28055191040039,0.5022926330566406
175,0,38.598507,-55.7762451171875,-56.28157043457031,0.5053253173828125
176,0,27.697783,-55.77418899536133,-56.28248977661133,0.50830078125
177,0,38.65389,-55.77198028564453,-56.28341293334961,0.5114326477050781
178,0,35.802433,-55.76984786987305,-56.284332275390625,0.5144844055175781
179,0,30.342775,-55.767826080322266,-56.28519821166992,0.5173721313476562
180,0,32.98401,-55.76582717895508,-56.28609848022461,0.5202713012695312
181,0,30.37202,-55.76374053955078,-56.28696060180664,0.5232200622558594
182,0,37.28766,-55.76161193847656,-56.28782653808594,0.526214599609375
183,0,33.023502,-55.75953674316406,-56.2886962890625,0.5291595458984375
184,0,27.4351,-55.75756072998047,-56.289608001708984,0.5320472717285156
185,0,28.860325,-55.75555419921875,-56.29050064086914,0.5349464416503906
186,0,28.935051,-55.75354766845703,-56.29138946533203,0.537841796875
187,0,27.50427,-55.75157165527344,-56.29226303100586,0.5406913757324219
188,0,27.466307,-55.74971389770508,-56.293174743652344,0.5434608459472656
189,0,39.854073,-55.747928619384766,-56.29408645629883,0.5461578369140625
190,0,31.601103,-55.7462158203125,-56.29503631591797,0.5488204956054688
191,0,35.67012,-55.74448776245117,-56.296043395996094,0.5515556335449219
192,0,30.384867,-55.74278259277344,-56.29698944091797,0.5542068481445312
193,0,34.577656,-55.74094772338867,-56.29789733886719,0.5569496154785156
194,0,37.0694,-55.73912811279297,-56.298828125,0.5597000122070312
195,0,32.92325,-55.73741912841797,-56.2998046875,0.5623855590820312
196,0,27.641254,-55.735687255859375,-56.300724029541016,0.5650367736816406
197,0,27.57661,-55.73395919799805,-56.30160903930664,0.5676498413085938
198,0,37.052345,-55.732181549072266,-56.30255889892578,0.5703773498535156
199,0,35.839348,-55.730323791503906,-56.303524017333984,0.5732002258300781
200,0,29.015856,-55.72840881347656,-56.3044548034668,0.5760459899902344
201,0,28.74408,-55.72663497924805,-56.30545425415039,0.5788192749023438
202,0,32.810223,-55.725013732910156,-56.306514739990234,0.5815010070800781
203,0,34.494553,-55.723323822021484,-56.307533264160156,0.5842094421386719
204,0,30.329065,-55.72158432006836,-56.30852127075195,0.5869369506835938
205,0,31.594164,-55.719810485839844,-56.30952072143555,0.5897102355957031
206,0,32.805702,-55.718048095703125,-56.31057357788086,0.5925254821777344
207,0,31.527615,-55.71641540527344,-56.311641693115234,0.5952262878417969
208,0,30.209324,-55.71474075317383,-56.31275177001953,0.5980110168457031
209,0,40.003662,-55.71292495727539,-56.31383514404297,0.6009101867675781
210,0,30.244549,-55.71107864379883,-56.31490707397461,0.6038284301757812
211,0,37.078316,-55.709232330322266,-56.31601333618164,0.606781005859375
212,0,38.449688,-55.70745849609375,-56.31705093383789,0.6095924377441406
213,0,38.520805,-55.70574951171875,-56.3181037902832,0.6123542785644531
214,0,30.226889,-55.704044342041016,-56.31914520263672,0.6151008605957031
215,0,34.48561,-55.70225143432617,-56.320159912109375,0.6179084777832031
216,0,32.99469,-55.700477600097656,-56.321205139160156,0.6207275390625
217,0,32.995365,-55.69858169555664,-56.322242736816406,0.6236610412597656
218,0,27.364365,-55.69672393798828,-56.32328796386719,0.6265640258789062
219,0,27.560993,-55.69485855102539,-56.324283599853516,0.629425048828125
220,0,30.200493,-55.693092346191406,-56.3253059387207,0.6322135925292969
221,0,33.01153,-55.69130325317383,-56.32633590698242,0.6350326538085938
222,0,27.49184,-55.68959045410156,-56.327293395996094,0.6377029418945312
223,0,28.914234,-55.687782287597656,-56.328250885009766,0.6404685974121094
224,0,37.119534,-55.685943603515625,-56.329227447509766,0.6432838439941406
225,0,35.713585,-55.68409729003906,-56.330265045166016,0.6461677551269531
226,0,34.359592,-55.68227767944336,-56.331329345703125,0.6490516662597656
227,0,31.644186,-55.68048095703125,-56.33234786987305,0.6518669128417969
228,0,39.821342,-55.67867660522461,-56.333404541015625,0.6547279357910156
229,0,40.041252,-55.67680740356445,-56.33440399169922,0.6575965881347656
230,0,37.0179,-55.67498016357422,-56.33546447753906,0.6604843139648438
231,0,38.448727,-55.673152923583984,-56.336570739746094,0.6634178161621094
232,0,35.693,-55.67134094238281,-56.337650299072266,0.6663093566894531
233,0,30.248598,-55.66952133178711,-56.33871841430664,0.6691970825195312
234,0,27.658014,-55.6677131652832,-56.339698791503906,0.6719856262207031
235,0,30.255568,-55.665916442871094,-56.34064865112305,0.6747322082519531
236,0,38.39804,-55.664085388183594,-56.34166717529297,0.677581787109375
237,0,27.435438,-55.662349700927734,-56.34270477294922,0.6803550720214844
238,0,28.713074,-55.6607666015625,-56.343780517578125,0.683013916015625
239,0,28.954813,-55.65916061401367,-56.344810485839844,0.6856498718261719
240,0,39.80806,-55.65751266479492,-56.34585952758789,0.6883468627929688
241,0,35.747475,-55.655818939208984,-56.346920013427734,0.69110107421875
242,0,28.964178,-55.654109954833984,-56.347923278808594,0.6938133239746094
243,0,35.590317,-55.652488708496094,-56.34897232055664,0.6964836120605469
244,0,28.991707,-55.650882720947266,-56.3499755859375,0.6990928649902344
245,0,33.11864,-55.64927673339844,-56.35094451904297,0.7016677856445312
246,0,39.93616,-55.64760208129883,-56.3519401550293,0.7043380737304688
247,0,39.789074,-55.64588165283203,-56.35299301147461,0.7071113586425781
248,0,34.367325,-55.64419174194336,-56.35403060913086,0.7098388671875
249,0,31.611214,-55.642581939697266,-56.355064392089844,0.7124824523925781
250,0,31.531872,-55.6409797668457,-56.356143951416016,0.7151641845703125
251,0,27.488981,-55.63942337036133,-56.357208251953125,0.7177848815917969
252,0,38.563187,-55.637855529785156,-56.35824966430664,0.7203941345214844
253,0,28.884712,-55.636314392089844,-56.359256744384766,0.7229423522949219
254,0,35.56513,-55.63480758666992,-56.360321044921875,0.7255134582519531
255,0,39.855232,-55.6332893371582,-56.361366271972656,0.7280769348144531
256,0,38.497566,-55.63164138793945,-56.36241149902344,0.7307701110839844
257,0,28.654007,-55.630062103271484,-56.363521575927734,0.73345947265625
258,0,31.371246,-55.628570556640625,-56.36464309692383,0.7360725402832031
259,0,40.024696,-55.62687683105469,-56.36573791503906,0.738861083984375
260,0,32.940098,-55.625144958496094,-56.36684799194336,0.7417030334472656
261,0,28.768038,-55.62339782714844,-56.36798095703125,0.7445831298828125
262,0,34.25594,-55.621665954589844,-56.36912536621094,0.7474594116210938
263,0,31.702244,-55.619903564453125,-56.370208740234375,0.75030517578125
264,0,27.679918,-55.618064880371094,-56.371177673339844,0.75311279296875
265,0,38.49245,-55.616207122802734,-56.3721809387207,0.7559738159179688
266,0,32.91674,-55.6145133972168,-56.37319564819336,0.7586822509765625
267,0,28.793324,-55.61286926269531,-56.374210357666016,0.7613410949707031
268,0,38.430458,-55.611236572265625,-56.37522888183594,0.7639923095703125
269,0,28.99342,-55.60962677001953,-56.37621307373047,0.7665863037109375
270,0,39.74785,-55.60802459716797,-56.377262115478516,0.7692375183105469
271,0,27.460964,-55.6064453125,-56.378273010253906,0.7718276977539062
272,0,28.811842,-55.60487365722656,-56.37930679321289,0.7744331359863281
273,0,33.08794,-55.60321807861328,-56.38032913208008,0.7771110534667969
274,0,36.948223,-55.60154342651367,-56.38142395019531,0.7798805236816406
275,0,33.13529,-55.59990310668945,-56.38246536254883,0.782562255859375
276,0,27.372803,-55.59839630126953,-56.383522033691406,0.785125732421875
277,0,37.15758,-55.59684753417969,-56.38458251953125,0.7877349853515625
278,0,35.529182,-55.59528732299805,-56.3857421875,0.7904548645019531
279,0,37.11407,-55.59382629394531,-56.3868408203125,0.7930145263671875
280,0,37.079918,-55.59226989746094,-56.387943267822266,0.7956733703613281
281,0,34.342262,-55.590728759765625,-56.389015197753906,0.7982864379882812
282,0,38.42782,-55.5891227722168,-56.39012145996094,0.8009986877441406
283,0,37.056507,-55.587547302246094,-56.39116668701172,0.803619384765625
284,0,27.472843,-55.58589172363281,-56.392173767089844,0.8062820434570312
285,0,30.259342,-55.58426284790039,-56.39315414428711,0.8088912963867188
286,0,27.47424,-55.582664489746094,-56.394107818603516,0.8114433288574219
287,0,31.47867,-55.58113098144531,-56.39509201049805,0.8139610290527344
288,0,31.57006,-55.57955551147461,-56.39605712890625,0.8165016174316406
289,0,35.70752,-55.57797622680664,-56.39707946777344,0.8191032409667969
290,0,28.815144,-55.57643127441406,-56.39810562133789,0.8216743469238281
291,0,36.956215,-55.57492446899414,-56.39915084838867,0.8242263793945312
292,0,39.84383,-55.57344436645508,-56.40022277832031,0.8267784118652344
293,0,27.356018,-55.57207107543945,-56.401309967041016,0.8292388916015625
294,0,39.801754,-55.570648193359375,-56.402442932128906,0.8317947387695312
295,0,39.785503,-55.56916046142578,-56.40361785888672,0.8344573974609375
296,0,35.676582,-55.5677490234375,-56.4047737121582,0.8370246887207031
297,0,35.534733,-55.56640625,-56.40595245361328,0.8395462036132812
298,0,34.249363,-55.56502914428711,-56.40715789794922,0.8421287536621094
299,0,38.53294,-55.56363296508789,-56.40835952758789,0.8447265625
300,0,34.45567,-55.56218719482422,-56.409461975097656,0.8472747802734375
301,0,27.424555,-55.56083679199219,-56.410552978515625,0.8497161865234375
302,0,28.922163,-55.55944061279297,-56.41161346435547,0.8521728515625
303,0,37.0059,-55.558021545410156,-56.412689208984375,0.8546676635742188
304,0,34.248287,-55.556617736816406,-56.41376495361328,0.857147216796875
305,0,34.239338,-55.555110931396484,-56.41487503051758,0.8597640991210938
306,0,34.17519,-55.5535774230957,-56.416015625,0.8624382019042969
307,0,34.24951,-55.552032470703125,-56.41719436645508,0.8651618957519531
308,0,30.061821,-55.55051040649414,-56.41841506958008,0.8679046630859375
309,0,31.547573,-55.549095153808594,-56.41962814331055,0.8705329895019531
310,0,38.504265,-55.54755401611328,-56.42082595825195,0.8732719421386719
311,0,33.03341,-55.5460090637207,-56.421958923339844,0.8759498596191406
312,0,30.345867,-55.54446792602539,-56.42306137084961,0.8785934448242188
313,0,36.967953,-55.5429573059082,-56.42420959472656,0.8812522888183594
314,0,31.440796,-55.54145812988281,-56.42538833618164,0.8839302062988281
315,0,32.964314,-55.53990936279297,-56.42656707763672,0.88665771484375
316,0,39.800343,-55.538352966308594,-56.42774963378906,0.8893966674804688
317,0,39.81115,-55.53679275512695,-56.42893600463867,0.8921432495117188
318,0,31.439814,-55.53533172607422,-56.43013381958008,0.8948020935058594
319,0,32.877064,-55.53390884399414,-56.431331634521484,0.8974227905273438
320,0,38.553474,-55.53242874145508,-56.4324951171875,0.9000663757324219
321,0,39.652782,-55.53099822998047,-56.433719635009766,0.9027214050292969
322,0,36.867687,-55.529598236083984,-56.43501663208008,0.9054183959960938
323,0,33.015198,-55.52814865112305,-56.436222076416016,0.9080734252929688
324,0,30.105316,-55.526695251464844,-56.43745803833008,0.9107627868652344
325,0,38.301495,-55.52518081665039,-56.438743591308594,0.9135627746582031
326,0,39.62814,-55.52366256713867,-56.440086364746094,0.9164237976074219
327,0,35.72648,-55.522117614746094,-56.44139099121094,0.9192733764648438
328,0,27.462393,-55.52067565917969,-56.44266128540039,0.9219856262207031
329,0,27.392427,-55.51922607421875,-56.44392013549805,0.9246940612792969
330,0,29.986616,-55.51779556274414,-56.445228576660156,0.9274330139160156
331,0,30.19513,-55.51636505126953,-56.44649887084961,0.9301338195800781
332,0,35.60421,-55.514923095703125,-56.44776916503906,0.9328460693359375
333,0,30.085302,-55.51361846923828,-56.449039459228516,0.9354209899902344
334,0,36.801685,-55.51242446899414,-56.450374603271484,0.9379501342773438
335,0,37.041016,-55.5111198425293,-56.45170211791992,0.940582275390625
336,0,36.945843,-55.50984191894531,-56.453041076660156,0.9431991577148438
337,0,34.3201,-55.50851821899414,-56.45435333251953,0.9458351135253906
338,0,38.338196,-55.507225036621094,-56.4556770324707,0.9484519958496094
339,0,39.981205,-55.50580978393555,-56.45693588256836,0.9511260986328125
340,0,31.48493,-55.50446701049805,-56.45820617675781,0.9537391662597656
341,0,32.696728,-55.50324630737305,-56.45951461791992,0.956268310546875
342,0,32.88434,-55.502044677734375,-56.4608268737793,0.9587821960449219
343,0,38.358036,-55.50088882446289,-56.46210861206055,0.9612197875976562
344,0,39.702366,-55.49964904785156,-56.46342086791992,0.9637718200683594
345,0,37.11563,-55.498355865478516,-56.46469497680664,0.966339111328125
346,0,31.25527,-55.49712371826172,-56.46603775024414,0.9689140319824219
347,0,32.885437,-55.49586868286133,-56.467369079589844,0.9715003967285156
348,0,35.642746,-55.4946403503418,-56.46864700317383,0.9740066528320312
349,0,32.75245,-55.49345397949219,-56.470008850097656,0.9765548706054688
350,0,28.865055,-55.49232482910156,-56.47128677368164,0.9789619445800781
351,0,34.16106,-55.491268157958984,-56.47258758544922,0.9813194274902344
352,0,35.616768,-55.49007797241211,-56.4738883972168,0.9838104248046875
353,0,32.950165,-55.48880386352539,-56.47512435913086,0.9863204956054688
354,0,38.323433,-55.48745346069336,-56.47640609741211,0.98895263671875
355,0,35.676464,-55.486026763916016,-56.47766876220703,0.9916419982910156
356,0,27.357597,-55.48466491699219,-56.478912353515625,0.9942474365234375
357,0,31.315475,-55.4833869934082,-56.480228424072266,0.9968414306640625
358,0,34.361435,-55.48204803466797,-56.48147964477539,0.9994316101074219
359,0,34.212807,-55.48067092895508,-56.48272705078125,1.0020561218261719
360,0,27.458115,-55.47930908203125,-56.483924865722656,1.0046157836914062
361,0,27.385942,-55.477935791015625,-56.48509979248047,1.0071640014648438
362,0,35.67106,-55.47650909423828,-56.48628234863281,1.0097732543945312
363,0,38.171814,-55.4750862121582,-56.48752975463867,1.0124435424804688
364,0,39.660183,-55.47365951538086,-56.488746643066406,1.0150871276855469
365,0,27.43916,-55.47220230102539,-56.489925384521484,1.0177230834960938
366,0,32.835197,-55.47079849243164,-56.49114227294922,1.0203437805175781
367,0,30.13779,-55.46934509277344,-56.49233627319336,1.0229911804199219
368,0,27.294933,-55.467933654785156,-56.49355697631836,1.0256233215332031
369,0,39.88977,-55.46648406982422,-56.49476623535156,1.0282821655273438
370,0,37.019775,-55.46501159667969,-56.49597930908203,1.0309677124023438
371,0,31.566277,-55.46353530883789,-56.49717712402344,1.0336418151855469
372,0,28.757944,-55.46207046508789,-56.49837112426758,1.0363006591796875
373,0,35.815083,-55.460479736328125,-56.499542236328125,1.0390625
374,0,36.761948,-55.45896911621094,-56.50081253051758,1.0418434143066406
375,0,35.6604,-55.457454681396484,-56.50206756591797,1.0446128845214844
376,0,39.89032,-55.45580291748047,-56.50333023071289,1.0475273132324219
377,0,35.609043,-55.45423126220703,-56.50457763671875,1.0503463745117188
378,0,32.848656,-55.45277404785156,-56.50585174560547,1.0530776977539062
379,0,27.319248,-55.45132827758789,-56.50712966918945,1.0558013916015625
380,0,34.22693,-55.44987869262695,-56.50835418701172,1.0584754943847656
381,0,34.269093,-55.448509216308594,-56.50959777832031,1.0610885620117188
382,0,36.867546,-55.44723892211914,-56.51081848144531,1.0635795593261719
383,0,34.194984,-55.445960998535156,-56.511993408203125,1.0660324096679688
384,0,28.728016,-55.44468307495117,-56.5131721496582,1.0684890747070312
385,0,34.331734,-55.443397521972656,-56.51432800292969,1.0709304809570312
386,0,38.147224,-55.44218063354492,-56.515567779541016,1.0733871459960938
387,0,31.559713,-55.440860748291016,-56.51677703857422,1.0759162902832031
388,0,30.315353,-55.43943786621094,-56.517906188964844,1.0784683227539062
389,0,39.74295,-55.43804931640625,-56.51907730102539,1.0810279846191406
390,0,28.738962,-55.43669891357422,-56.520233154296875,1.0835342407226562
391,0,27.508457,-55.435333251953125,-56.52132797241211,1.0859947204589844
392,0,27.317482,-55.43396759033203,-56.522457122802734,1.0884895324707031
393,0,38.088566,-55.43266296386719,-56.523685455322266,1.0910224914550781
394,0,32.784424,-55.43140411376953,-56.524906158447266,1.0935020446777344
395,0,37.01014,-55.430091857910156,-56.526126861572266,1.0960350036621094
396,0,30.194569,-55.428802490234375,-56.52732849121094,1.0985260009765625
397,0,30.27058,-55.427391052246094,-56.52850341796875,1.1011123657226562
398,0,37.005943,-55.425933837890625,-56.529685974121094,1.1037521362304688
399,0,39.79347,-55.42433547973633,-56.53083419799805,1.1064987182617188
400,0,34.17685,-55.42278289794922,-56.53202438354492,1.1092414855957031
401,0,27.279484,-55.421295166015625,-56.533203125,1.111907958984375
402,0,36.968033,-55.41979217529297,-56.53439712524414,1.1146049499511719
403,0,32.860603,-55.41828155517578,-56.53560256958008,1.1173210144042969
404,0,35.536747,-55.416805267333984,-56.536842346191406,1.1200370788574219
405,0,38.345596,-55.415287017822266,-56.53810119628906,1.1228141784667969
406,0,32.948727,-55.41379165649414,-56.539371490478516,1.125579833984375
407,0,30.091373,-55.412288665771484,-56.540626525878906,1.1283378601074219
408,0,35.603878,-55.4107666015625,-56.54188537597656,1.1311187744140625
409,0,38.17987,-55.40929412841797,-56.543190002441406,1.1338958740234375
410,0,27.103022,-55.40793228149414,-56.54458236694336,1.1366500854492188
411,0,34.2494,-55.4065055847168,-56.545955657958984,1.1394500732421875
412,0,30.150173,-55.40507125854492,-56.54730224609375,1.1422309875488281
413,0,35.654976,-55.40351104736328,-56.54860305786133,1.1450920104980469
414,0,27.47794,-55.401954650878906,-56.549869537353516,1.1479148864746094
415,0,30.034662,-55.40040588378906,-56.55113983154297,1.1507339477539062
416,0,37.248207,-55.398712158203125,-56.55231857299805,1.1536064147949219
417,0,32.868694,-55.397010803222656,-56.5534553527832,1.1564445495605469
418,0,27.442724,-55.39519500732422,-56.554542541503906,1.1593475341796875
419,0,29.993372,-55.3934440612793,-56.555667877197266,1.1622238159179688
420,0,36.860355,-55.39170455932617,-56.55683898925781,1.1651344299316406
421,0,31.508465,-55.39008712768555,-56.55796813964844,1.1678810119628906
422,0,31.585514,-55.388465881347656,-56.55902862548828,1.170562744140625
423,0,35.527405,-55.386878967285156,-56.560157775878906,1.17327880859375
424,0,28.719166,-55.38528823852539,-56.56126403808594,1.1759757995605469
425,0,31.393713,-55.3837776184082,-56.56240463256836,1.1786270141601562
426,0,30.040192,-55.3823356628418,-56.56353759765625,1.1812019348144531
427,0,35.522564,-55.380950927734375,-56.56471633911133,1.1837654113769531
428,0,37.020298,-55.37958908081055,-56.56589889526367,1.186309814453125
429,0,28.753508,-55.378204345703125,-56.56703567504883,1.1888313293457031
430,0,31.33406,-55.376853942871094,-56.56825256347656,1.1913986206054688
431,0,31.38747,-55.37570571899414,-56.56949234008789,1.19378662109375
432,0,38.520557,-55.37443923950195,-56.57066345214844,1.1962242126464844
433,0,27.412926,-55.373130798339844,-56.5717887878418,1.1986579895019531
434,0,36.904617,-55.371788024902344,-56.572975158691406,1.2011871337890625
435,0,33.005093,-55.37039566040039,-56.57413101196289,1.2037353515625
436,0,34.28507,-55.36888885498047,-56.575286865234375,1.2063980102539062
437,0,30.08027,-55.367469787597656,-56.576438903808594,1.2089691162109375
438,0,34.096207,-55.36619186401367,-56.577613830566406,1.2114219665527344
439,0,38.184345,-55.36491394042969,-56.5788459777832,1.2139320373535156
440,0,32.784096,-55.36369705200195,-56.580081939697266,1.2163848876953125
441,0,39.502037,-55.36249542236328,-56.58141326904297,1.2189178466796875
442,0,27.541452,-55.361297607421875,-56.582679748535156,1.2213821411132812
443,0,37.0151,-55.36003875732422,-56.583927154541016,1.2238883972167969
444,0,30.08733,-55.3587760925293,-56.58513641357422,1.2263603210449219
445,0,38.357048,-55.35738754272461,-56.586368560791016,1.2289810180664062
446,0,31.420837,-55.356082916259766,-56.58757781982422,1.2314949035644531
447,0,31.365227,-55.35479736328125,-56.58881378173828,1.2340164184570312
448,0,32.676033,-55.353511810302734,-56.590065002441406,1.2365531921386719
449,0,35.55239,-55.35221862792969,-56.59136199951172,1.2391433715820312
450,0,34.25251,-55.35088348388672,-56.59261703491211,1.2417335510253906
451,0,38.38748,-55.34952163696289,-56.59385681152344,1.2443351745605469
452,0,32.787838,-55.34817123413086,-56.5950927734375,1.2469215393066406
453,0,35.54054,-55.346797943115234,-56.59636306762695,1.2495651245117188
454,0,32.937428,-55.345420837402344,-56.59756851196289,1.2521476745605469
455,0,32.819595,-55.34397506713867,-56.59878158569336,1.2548065185546875
456,0,27.50911,-55.34259033203125,-56.59989547729492,1.2573051452636719
457,0,27.312353,-55.3411979675293,-56.60100173950195,1.2598037719726562
458,0,30.015558,-55.339752197265625,-56.60213851928711,1.2623863220214844
459,0,38.11214,-55.33834457397461,-56.60337829589844,1.2650337219238281
460,0,30.128325,-55.336936950683594,-56.604583740234375,1.2676467895507812
461,0,38.27949,-55.33547592163086,-56.605812072753906,1.2703361511230469
462,0,30.191275,-55.33392333984375,-56.60697937011719,1.2730560302734375
463,0,34.082535,-55.33238983154297,-56.60823440551758,1.2758445739746094
464,0,37.00274,-55.33090591430664,-56.60944747924805,1.2785415649414062
465,0,30.04667,-55.32945251464844,-56.610633850097656,1.2811813354492188
466,0,35.590466,-55.328033447265625,-56.611820220947266,1.2837867736816406
467,0,37.031597,-55.32656478881836,-56.61298751831055,1.2864227294921875
468,0,35.58314,-55.32502746582031,-56.614158630371094,1.2891311645507812
469,0,32.796432,-55.32353591918945,-56.61534881591797,1.2918128967285156
470,0,36.888798,-55.32207107543945,-56.6165657043457,1.29449462890625
471,0,30.094124,-55.32063674926758,-56.61776351928711,1.2971267700195312
472,0,30.107937,-55.31920623779297,-56.6189079284668,1.2997016906738281
473,0,28.528053,-55.31784439086914,-56.6201057434082,1.3022613525390625
474,0,39.689,-55.31636047363281,-56.62134552001953,1.3049850463867188
475,0,39.39464,-55.31486511230469,-56.622676849365234,1.3078117370605469
476,0,36.927864,-55.31328582763672,-56.624019622802734,1.3107337951660156
477,0,30.120346,-55.31178283691406,-56.625335693359375,1.3135528564453125
478,0,39.65961,-55.31036376953125,-56.626678466796875,1.316314697265625
479,0,36.928314,-55.308956146240234,-56.62802505493164,1.3190689086914062
480,0,34.068928,-55.307594299316406,-56.629398345947266,1.3218040466308594
481,0,38.40838,-55.30609893798828,-56.63072967529297,1.3246307373046875
482,0,30.098434,-55.3045768737793,-56.632015228271484,1.3274383544921875
483,0,39.579823,-55.302955627441406,-56.63333511352539,1.3303794860839844
484,0,31.385416,-55.30137252807617,-56.6346549987793,1.333282470703125
485,0,36.979713,-55.29996871948242,-56.63591003417969,1.3359413146972656
486,0,38.296597,-55.29850769042969,-56.63718032836914,1.3386726379394531
487,0,31.472637,-55.296993255615234,-56.6384391784668,1.3414459228515625
488,0,27.33407,-55.29559326171875,-56.6396484375,1.34405517578125
489,0,36.82986,-55.29423141479492,-56.64093780517578,1.3467063903808594
490,0,34.33125,-55.29282760620117,-56.64217758178711,1.3493499755859375
491,0,30.025108,-55.291561126708984,-56.643394470214844,1.3518333435058594
492,0,32.71554,-55.29030227661133,-56.644657135009766,1.3543548583984375
493,0,32.70195,-55.28915023803711,-56.645938873291016,1.3567886352539062
494,0,31.364952,-55.28795623779297,-56.647220611572266,1.3592643737792969
495,0,35.503628,-55.286869049072266,-56.64848709106445,1.3616180419921875
496,0,27.399729,-55.285701751708984,-56.64973449707031,1.3640327453613281
497,0,27.326408,-55.28453063964844,-56.650936126708984,1.3664054870605469
498,0,31.32219,-55.28341293334961,-56.65221405029297,1.3688011169433594
499,0,38.126938,-55.282249450683594,-56.65359115600586,1.3713417053222656
